0,393
30,4
30,3
30,2
30,1
30,0
0,392
29,4
29,3
29,2
29,1
29,0
28,3
28,2
28,1
28,0
0,391
0,390
0,389
0,388
0,387
0,386
0,385
0,384
27,4
27,3
27,2
27,1
27,0
0,319
0,278
0,318
0,317
0,316
0,283
0,243
26,4
26,3
26,2
26,1
26,0
25,3
25,2
0,9
25,1
25,0
11,19
11,18
11,16
11,14
11,13
11,10
11,8
11,7
11,4
8,14
8,17
8,16
8,12
8,10
8,9
8,5
9,6
9,4
4,41
4,26
7,10
7,8
7,7
17,2
17,1
17,3
15,2
15,1
15,3
16,2
16,1
16,3
13,2
14,2
4,17
4,16
4,40
4,4
4,65
4,85
4,8
4,20
4,35
4,70
4,72
4,1
4,14
4,2
4,3
6,6
6,7
6,5
6,4
6,1
6,8
6,2
6,3
7,12
7,14
7,15
7,4
7,11
7,6
7,1
7,16
7,2
